0.0000000000	-1.00000	0.0000000000	0.0000000000
1.00000	0.0000000000	0.0000000000	0.0000000000
0.0000000000	0.0000000000	1.00000	28.4287
-0.850619190  0.447260312  0.276791139  3.89818955
-0.000214644 -0.526037650  0.851642585  11.9869070
0.524879951  0.722739689  0.447701350  20.6607741
0.52596617   0.44731238  -0.7239268  -10.175448
-0.0003367    0.850679     0.52591085   7.3894134
0.84990233  -0.27608615   0.44731137  20.63316
-0.5871621   -0.36225027  -0.72429204 -10.224021
0.8093451   -0.26250714  -0.52705145  -7.453145
-0.00125453  -0.8935523    0.44833675  20.741364
-0.4250188   -0.13817501  -0.89470565 -12.595424
-0.30877987   0.9511785   -0.00016933   0.00147961
0.85052276   0.27597702  -0.44721782   8.081712
-0.42562947  -0.8616333    0.27645653   3.8865948
0.30890596  -0.4256072   -0.85048544 -11.967806
0.8507074   -0.27654165   0.44727644  20.66745
-0.26304856 -0.6368681   0.72309476 10.148465
-0.80971336 -0.2633258  -0.526173   -7.389108
0.52564824 -0.722742   -0.44759762  8.052243
0.9510584   -0.13705526  -0.27707365  -3.8960137
-0.30929425  -0.42480633  -0.8518272  -12.016262
-0.00105936   0.89320844  -0.4475258    8.089886
0 0 0 0
0 0 0 0
0 0 0 0
0.26297995 -0.6378063   0.7232737  10.161057
-0.8093704   0.2630224   0.5261029   7.390594
-0.52613324 -0.72349256 -0.44707954  8.06868
0.425372    0.137849    0.8949176  12.600599
-0.30866885  0.95107716 -0.00021321 -0.00920184
-0.85047877 -0.2765627   0.44733244 20.671972
0.6883604   0.6709646  -0.27683392 -3.8856418
0.49985197 -0.16268447  0.8502644  11.947705
0.5252472  -0.72391623 -0.4474545   8.061382
