-1.00000	0.0000000000	0.0000000000	0.0000000000
0.0000000000	-1.00000	0.0000000000	0.0000000000
0.0000000000	0.0000000000	1.00000	34.4744
0.0000000000	0.525730	-0.850651	-14.6629
-0.850650	0.447215	0.276393	4.76424
0.525732	0.723607	0.447213	24.9459
0.0000000000	-0.850651	-0.525731	-9.06214
0.525730	0.447214	-0.723607	-12.4730
0.850651	-0.276393	0.447213	24.9459
-0.809017	0.262865	0.525731	9.06214
-0.587785	-0.361803	-0.723607	-12.4730
0.0000000000	-0.894428	0.447213	24.9459
0.309016	-0.951057	0.0000000000	0.0000000000
-0.425325	-0.138196	-0.894428	-15.4174
0.850651	0.276393	-0.447213	9.52850
-0.309017	0.425325	0.850651	14.6629
-0.425324	-0.861804	0.276393	4.76426
0.850652	-0.276392	0.447213	24.9459
0.809016	0.262867	0.525731	9.06214
-0.262865	-0.638196	0.723607	12.4730
0.525732	-0.723607	-0.447213	9.52850
0.309017	0.425325	0.850651	14.6629
0.951057	-0.138196	-0.276393	-4.76425
0.0000000000	0.894428	-0.447213	9.52850
0 0 0 0
0 0 0 0
0 0 0 0
0.809017	-0.262866	-0.525731	-9.06215
0.262866	-0.638196	0.723607	12.4730
-0.525731	-0.723607	-0.447213	9.52850
0.309016	-0.951057	0.0000000000	0.0000000000
0.425325	0.138196	0.894428	15.4174
-0.850651	-0.276393	0.447213	24.9459
-0.500000	0.162459	-0.850651	-14.6629
0.688191	0.670821	-0.276393	-4.76425
0.525732	-0.723607	-0.447213	9.52850



