0.0000000000	-1.00000	0.0000000000	0.0000000000
1.00000	0.0000000000	0.0000000000	0.0000000000
0.0000000000	0.0000000000	1.00000	28.4287
-0.850650	0.447215	0.276393	3.88728
0.0000000000	-0.525730	0.850651	11.9639
0.525732	0.723607	0.447213	20.6541
0.525730	0.447214	-0.723607	-10.1771
0.0000000000	0.850651	0.525731	7.39407
0.850651	-0.276393	0.447213	20.6541
-0.587785	-0.361803	-0.723607	-10.1771
0.809017	-0.262865	-0.525731	-7.39407
0.0000000000	-0.894428	0.447213	20.6541
-0.425325	-0.138196	-0.894428	-12.5795
-0.309016	0.951057	0.0000000000	0.0000000000
0.850651	0.276393	-0.447213	8.07458
-0.425324	-0.861804	0.276393	3.88730
0.309017	-0.425325	-0.850651	-11.9638
0.850652	-0.276392	0.447213	20.6541
-0.262865	-0.638196	0.723607	10.1771
-0.809016	-0.262867	-0.525731	-7.39406
0.525732	-0.723607	-0.447213	8.07458
0.951057	-0.138196	-0.276393	-3.88729
-0.309017	-0.425325	-0.850651	-11.9638
0.0000000000	0.894428	-0.447213	8.07458
0 0 0 0
0 0 0 0
0 0 0 0
0.262866	-0.638196	0.723607	10.1771
-0.809017	0.262866	0.525731	7.39407
-0.525731	-0.723607	-0.447213	8.07458
0.425325	0.138196	0.894428	12.5795
-0.309016	0.951057	0.0000000000	0.0000000000
-0.850651	-0.276393	0.447213	20.6541
0.688191	0.670821	-0.276393	-3.88729
0.500000	-0.162459	0.850651	11.9638
0.525732	-0.723607	-0.447213	8.07458